>chr2:20248691-20251584(-)
2.512e-06
2.542e-06
2.796e-06
2.796e-06
2.797e-06
3.112e-06
3.324e-06
3.336e-06
3.970e-06
1.598e-06
1.471e-06
1.466e-06
2.091e-06
2.183e-06
3.651e-06
3.623e-06
3.304e-06
3.430e-06
2.662e-05
2.665e-05
2.671e-05
2.985e-05
4.175e-05
4.108e-05
4.164e-05
4.110e-05
4.120e-05
7.327e-05
7.476e-05
7.741e-05
7.465e-05
6.854e-05
6.142e-05
6.130e-05
6.092e-05
7.698e-03
7.679e-03
8.780e-03
8.740e-03
8.740e-03
8.740e-03
8.740e-03
8.743e-03
8.743e-03
2.791e-03
2.064e-03
1.142e-04
2.798e-05
1.419e-05
1.462e-05
1.643e-05
1.400e-05
3.417e-04
3.411e-04
1.678e-03
1.673e-03
2.601e-02
2.600e-02
2.651e-02
2.651e-02
2.651e-02
2.624e-02
2.620e-02
2.606e-02
2.594e-02
1.239e-02
6.847e-04
6.272e-04
1.532e-04
1.488e-04
1.486e-04
1.473e-04
4.414e-05
2.544e-05
6.952e-07
9.741e-07
5.095e-07
2.990e-06
2.992e-06
2.980e-06
3.397e-06
3.391e-06
2.551e-04
2.551e-04
4.971e-04
4.968e-04
4.968e-04
4.944e-04
5.236e-04
5.240e-04
5.269e-04
3.095e-04
2.867e-04
7.265e-05
4.094e-05
5.407e-05
7.782e-05
1.088e-04
1.103e-04
1.619e-04
1.679e-04
2.167e-04
2.168e-04
2.220e-04
2.120e-04
1.977e-04
1.515e-04
1.477e-04
6.958e-05
6.413e-05
2.141e-05
9.956e-06
1.272e-05
9.338e-06
8.210e-04
8.202e-04
8.511e-04
8.502e-04
9.241e-04
9.238e-04
9.257e-04
1.023e-03
1.023e-03
2.324e-04
2.113e-04
2.456e-04
2.451e-04
4.315e-04
4.140e-04
4.116e-04
3.284e-04
3.305e-04
3.116e-04
3.126e-04
2.819e-04
2.813e-04
1.084e-05
4.799e-05
4.836e-05
2.163e-01
2.163e-01
2.163e-01
2.163e-01
2.163e-01
2.163e-01
2.163e-01
2.163e-01
2.163e-01
1.303e-02
1.381e-03
4.307e-05
3.790e-05
3.643e-05
3.991e-05
3.514e-05
2.972e-05
2.824e-05
2.282e-05
1.357e-05
6.314e-02
6.314e-02
2.684e-01
2.684e-01
2.687e-01
2.687e-01
2.687e-01
2.687e-01
2.687e-01
2.067e-01
2.067e-01
1.102e-02
8.491e-04
1.110e-05
2.912e-06
7.501e-07
5.485e-07
3.053e-06
3.142e-06
3.081e-06
4.115e-06
4.606e-06
1.223e-05
1.228e-05
3.775e-03
3.775e-03
3.779e-03
3.780e-03
3.784e-03
1.526e-02
1.526e-02
1.552e-02
1.552e-02
1.549e-02
1.177e-02
1.177e-02
1.203e-02
1.203e-02
3.386e-03
7.744e-04
7.685e-04
5.031e-04
5.030e-04
4.875e-04
4.872e-04
2.419e-04
2.360e-04
2.825e-06
8.875e-06
8.778e-06
1.434e-05
1.431e-05
8.314e-05
8.380e-05
8.392e-05
8.404e-05
8.406e-05
7.840e-05
7.918e-05
7.083e-05
2.398e-04
1.934e-04
1.863e-04
1.702e-04
1.704e-04
1.705e-04
1.706e-04
1.706e-04
1.795e-04
1.778e-04
1.314e-05
1.039e-05
1.038e-05
1.700e-05
1.703e-05
1.652e-05
2.302e-05
1.936e-05
1.608e-05
1.432e-05
1.434e-05
1.434e-05
1.806e-05
1.781e-05
1.221e-05
9.385e-06
5.107e-06
4.864e-06
4.861e-06
4.938e-06
4.938e-06
1.003e-04
1.000e-04
1.033e-04
1.033e-04
8.860e-02
8.860e-02
8.895e-02
8.895e-02
8.911e-02
8.907e-02
8.908e-02
8.902e-02
8.902e-02
1.340e-02
9.450e-03
9.361e-03
9.046e-03
9.039e-03
8.883e-03
2.487e-02
2.487e-02
2.521e-02
2.068e-02
2.034e-02
1.637e-02
1.637e-02
1.637e-02
1.637e-02
1.383e-02
3.817e-03
3.141e-04
7.453e-05
6.322e-05
3.723e-05
3.714e-05
3.674e-05
3.667e-05
8.512e-06
5.176e-02
5.175e-02
5.175e-02
5.175e-02
5.175e-02
5.176e-02
5.176e-02
5.183e-02
5.183e-02
5.180e-02
1.469e-04
1.267e-04
2.164e-01
2.164e-01
2.164e-01
2.164e-01
2.164e-01
2.163e-01
2.163e-01
2.163e-01
2.163e-01
1.308e-02
1.426e-03
8.760e-05
8.251e-05
7.791e-05
7.804e-05
1.965e-02
1.965e-02
1.960e-02
1.959e-02
1.959e-02
1.961e-02
1.961e-02
1.961e-02
1.961e-02
4.282e-03
1.945e-04
3.631e-05
3.739e-05
3.635e-05
3.771e-05
2.038e-05
1.647e-05
5.641e-05
5.651e-05
1.006e-04
1.101e-04
1.657e-04
1.663e-04
1.686e-04
1.681e-04
1.673e-04
1.379e-04
1.387e-04
8.043e-05
7.534e-05
2.905e-05
1.342e-05
1.195e-05
1.141e-03
1.140e-03
1.148e-03
1.147e-03
1.147e-03
1.207e-03
1.207e-03
1.298e-03
1.298e-03
4.067e-04
2.110e-04
2.114e-04
5.778e-04
7.233e-04
7.018e-04
6.813e-04
6.365e-04
6.158e-04
5.996e-04
5.954e-04
5.917e-04
1.872e-04
1.538e-04
3.310e-05
2.973e-05
1.043e-05
8.719e-06
8.354e-06
8.293e-06
8.260e-06
8.258e-06
1.118e-05
1.105e-05
6.316e-06
6.301e-06
8.059e-06
2.576e-05
2.574e-05
2.657e-05
2.663e-05
3.860e-05
3.592e-05
7.318e-05
7.041e-05
7.078e-05
6.126e-05
6.066e-05
5.079e-05
5.081e-05
3.980e-05
3.872e-05
8.865e-06
2.390e-06
1.394e-06
1.814e-06
3.296e-06
3.299e-06
3.226e-06
3.280e-06
3.212e-06
3.246e-06
3.212e-06
2.384e-06
4.749e-06
7.662e-04
7.653e-04
1.313e-03
1.313e-03
2.304e-03
2.304e-03
2.314e-03
2.315e-03
2.315e-03
1.558e-03
1.579e-03
1.049e-03
1.134e+00
1.133e+00
1.135e+00
1.135e+00
1.136e+00
1.136e+00
1.136e+00
1.136e+00
1.136e+00
6.747e-03
6.395e-03
1.279e-03
1.153e-03
9.304e-04
3.378e-04
1.628e-04
1.624e-04
8.272e-05
8.295e-05
7.174e-05
7.180e-05
1.553e-04
1.486e-04
1.378e-04
1.187e-04
1.226e-04
1.230e-04
1.271e-04
1.260e-04
1.255e-04
5.434e-05
2.398e-05
1.866e-05
1.747e-05
2.563e-05
1.888e-05
3.294e-05
3.200e-05
1.728e-04
1.729e-04
1.729e-04
1.716e-04
1.715e-04
1.698e-04
1.663e-04
1.851e-04
2.850e-04
2.335e-04
1.018e-03
9.927e-04
9.965e-04
9.968e-04
9.968e-04
9.925e-04
9.900e-04
9.471e-04
8.546e-04
8.413e-04
1.580e-05
1.298e-05
9.307e-06
8.860e-06
9.635e-06
9.550e-06
8.522e-06
8.051e-06
6.279e-06
2.533e-06
2.263e-06
2.671e-03
2.671e-03
3.080e-03
3.080e-03
3.302e-03
3.302e-03
3.320e-03
3.319e-03
3.622e-03
2.205e-03
2.153e-03
5.023e-03
5.025e-03
4.871e-03
4.829e-03
4.839e-03
4.823e-03
4.706e-03
4.663e-03
4.740e-03
1.129e-03
1.122e-03
9.675e-04
9.646e-04
9.573e-04
9.501e-04
9.319e-04
8.521e-04
8.017e-04
1.616e-04
1.488e-04
2.583e-05
2.699e-05
2.630e-05
4.673e-05
4.725e-05
4.741e-05
2.045e-02
2.044e-02
2.060e-02
2.060e-02
2.070e-02
2.075e-02
2.075e-02
2.115e-02
2.115e-02
3.693e-03
1.201e-03
7.185e-04
7.171e-04
4.823e-04
4.789e-04
4.678e-04
3.566e-05
9.726e-06
7.783e-06
7.764e-06
7.005e-06
6.917e-06
1.017e-05
1.003e-05
9.262e-06
1.125e-05
1.126e-05
1.126e-02
1.126e-02
1.126e-02
1.126e-02
1.126e-02
1.126e-02
1.126e-02
1.126e-02
1.126e-02
6.410e-05
1.105e-05
4.362e-04
4.362e-04
4.376e-04
4.375e-04
5.134e-04
5.130e-04
5.176e-04
5.179e-04
5.181e-04
1.074e-04
1.072e-04
8.225e-05
9.527e-05
3.194e-05
2.622e-05
2.265e-05
2.016e-05
1.998e-05
1.995e-05
2.218e-05
2.216e-05
1.930e-05
2.508e-05
2.055e-05
3.558e-05
3.675e-05
6.153e-05
6.139e-05
5.973e-05
6.152e-05
5.502e-05
1.114e-03
1.105e-03
1.104e-03
1.087e-03
1.081e-03
1.079e-03
1.065e-03
1.063e-03
1.063e-03
6.830e-05
1.351e-05
1.419e-05
1.448e-05
1.449e-05
1.474e-05
1.712e-05
1.737e-05
2.787e-04
2.793e-04
1.344e-03
1.340e-03
1.346e-03
1.342e-03
1.342e-03
1.496e-03
1.496e-03
1.242e-03
1.240e-03
4.156e-04
1.673e-04
9.015e-04
8.959e-04
9.451e-04
8.391e-04
8.384e-04
1.216e-03
1.298e-03
1.303e-03
1.310e-03
1.023e-03
8.166e-04
5.887e-04
5.812e-04
5.758e-04
1.589e-04
1.547e-04
6.890e-05
6.587e-05
6.086e-05
4.755e-05
2.007e-05
1.990e-05
1.832e-05
2.033e-05
2.040e-05
2.327e-05
2.327e-05
2.325e-05
2.323e-05
2.058e-05
2.122e-04
2.074e-04
2.067e-04
2.053e-04
2.073e-04
2.057e-04
2.450e-04
2.468e-04
2.468e-04
5.373e-05
4.718e-05
4.587e-05
3.995e-02
3.995e-02
4.000e-02
3.996e-02
3.997e-02
3.997e-02
3.997e-02
3.997e-02
3.998e-02
4.794e-03
3.669e-03
7.110e-04
7.146e-04
6.265e-01
6.265e-01
6.292e-01
6.292e-01
6.312e-01
6.312e-01
6.312e-01
6.306e-01
6.306e-01
6.966e-03
6.705e-03
2.822e-03
2.287e-03
2.859e-04
5.002e-04
3.566e-04
9.618e-03
9.567e-03
9.568e-03
9.503e-03
9.498e-03
9.484e-03
1.030e-02
1.026e-02
1.008e-02
4.807e-03
4.281e-03
3.467e-03
3.467e-03
3.467e-03
3.467e-03
3.796e-03
3.722e-03
3.222e-03
2.885e-03
1.345e-03
6.259e-04
6.243e-04
6.530e-04
6.527e-04
6.425e-04
8.205e-05
8.189e-05
4.962e-05
4.669e-05
3.288e-05
2.946e-05
1.660e-05
9.873e-06
3.562e-05
3.563e-05
5.282e-05
5.284e-05
5.282e-05
5.280e-05
5.284e-05
5.297e-05
4.654e-05
5.286e-05
2.741e-05
1.614e-05
9.184e-06
9.183e-06
9.227e-06
9.409e-06
9.369e-06
3.657e-05
2.988e-05
4.141e-04
4.140e-04
4.137e-04
4.170e-04
4.170e-04
4.286e-04
4.286e-04
4.156e-04
4.024e-04
9.273e-04
6.187e-04
6.024e-04
5.987e-04
5.986e-04
6.114e-04
6.078e-04
6.007e-04
6.010e-04
2.847e-04
1.088e-04
5.112e-05
5.159e-05
5.173e-05
4.240e-05
3.733e-05
3.714e-05
3.554e-04
3.555e-04
3.546e-04
3.238e-04
3.236e-04
3.231e-04
3.229e-04
4.038e-04
4.090e-04
2.086e-04
1.079e-04
8.887e-05
8.952e-05
8.936e-05
9.172e-05
9.175e-05
1.648e-05
1.168e-05
8.604e-06
1.964e-05
1.989e-05
2.035e-04
2.025e-04
2.002e-04
2.005e-04
2.000e-04
3.933e-04
3.928e-04
3.878e-04
3.809e-04
2.413e-04
2.386e-04
1.966e-04
1.966e-04
2.108e-04
2.016e-04
1.918e-03
1.921e-03
1.921e-03
1.921e-03
1.923e-03
1.923e-03
2.003e-03
1.994e-03
2.203e-02
2.023e-02
2.015e-02
2.015e-02
2.015e-02
2.016e-02
2.016e-02
2.024e-02
2.024e-02
2.789e-03
3.556e-04
2.626e-04
2.090e-03
2.083e-03
2.078e-03
2.077e-03
2.914e-03
2.857e-03
2.828e-03
2.798e-03
2.798e-03
9.261e-04
9.270e-04
9.179e-04
9.318e-04
7.404e-04
1.467e-04
2.223e-05
2.213e-05
1.759e-05
1.779e-05
1.496e-05
2.656e-04
2.537e-04
2.536e-04
2.569e-04
2.569e-04
2.571e-04
2.573e-04
2.571e-04
2.571e-04
9.590e-05
2.077e-05
2.545e-04
2.521e-04
2.495e-04
3.010e-04
3.009e-04
3.016e-04
3.024e-04
2.995e-04
4.225e-04
2.701e-04
2.071e-04
1.844e-04
1.707e-04
1.432e-04
1.431e-04
1.755e-04
1.754e-04
6.827e-05
2.317e-04
7.260e-04
7.602e-04
7.655e-04
7.593e-04
7.574e-04
7.285e-04
7.245e-04
7.237e-04
7.233e-04
5.118e-05
5.414e-05
5.335e-06
5.505e-06
1.331e-05
1.328e-05
1.294e-05
1.293e-05
2.258e-05
2.257e-05
1.996e-05
2.041e-05
2.198e-05
1.333e-05
1.343e-05
1.356e-05
1.357e-05
8.977e-06
8.195e-06
1.062e-05
1.021e-05
1.949e-05
1.769e-05
1.771e-05
1.771e-05
1.984e-05
1.954e-05
1.641e-04
1.572e-04
1.571e-04
1.476e-04
1.473e-04
1.472e-04
1.470e-04
1.450e-04
1.448e-04
7.454e-06
5.505e-07
2.203e-07
5.079e-07
5.133e-07
4.126e-04
4.126e-04
4.125e-04
4.125e-04
4.125e-04
5.132e-04
5.132e-04
7.164e-04
7.164e-04
4.036e-04
3.133e-04
3.480e-04
3.519e-04
3.619e-04
2.779e-04
2.627e-04
1.054e-04
6.009e-05
5.899e-05
5.429e-05
5.531e-05
1.284e-05
1.443e-05
1.058e-05
9.327e-06
9.364e-06
6.119e-05
6.193e-05
6.570e-05
6.447e-05
6.688e-05
6.040e-05
6.218e-05
6.189e-05
3.175e-04
3.297e-04
3.607e-04
3.250e-04
4.761e-04
4.760e-04
4.781e-04
4.762e-04
8.948e-04
7.882e-04
8.198e-04
6.116e-04
6.118e-04
4.617e-04
4.591e-04
4.567e-04
4.569e-04
2.222e-04
2.198e-04
2.223e-06
6.753e-06
5.699e-06
8.696e-06
1.135e-05
1.725e-05
1.698e-05
6.460e-05
6.491e-05
6.572e-05
2.324e-04
2.335e-04
1.172e-03
1.170e-03
5.004e-02
5.004e-02
5.094e-02
5.090e-02
5.092e-02
5.075e-02
5.139e-02
5.088e-02
5.127e-02
5.316e-03
5.326e-03
1.125e-03
1.124e-03
1.094e-03
1.094e-03
1.533e-03
1.528e-03
4.338e-03
4.328e-03
1.725e-02
1.722e-02
6.836e-02
6.836e-02
6.840e-02
6.832e-02
6.831e-02
6.440e-02
6.440e-02
5.348e-02
5.142e-02
4.938e-02
4.786e-02
2.128e-04
1.694e-02
1.675e-02
1.675e-02
1.675e-02
1.677e-02
1.676e-02
1.704e-02
1.704e-02
1.705e-02
6.497e-03
4.302e-03
3.207e-04
3.208e-04
3.062e-04
3.064e-04
2.233e-04
1.648e-04
1.491e-04
1.478e-04
1.526e-04
1.540e-04
1.539e-04
1.511e-04
1.467e-04
9.448e-05
9.035e-05
1.023e-05
1.026e-05
1.509e-03
1.509e-03
1.534e-03
1.534e-03
1.536e-03
1.536e-03
1.536e-03
1.535e-03
2.543e-02
2.504e-02
2.576e-02
2.503e-02
2.549e-02
2.549e-02
2.550e-02
2.588e-02
2.588e-02
7.731e-03
1.995e-03
1.975e-03
8.542e-04
8.333e-04
5.443e-04
3.857e-04
7.245e-05
3.956e-06
4.257e-04
4.280e-04
4.276e-04
4.300e-04
4.364e-04
4.366e-04
4.498e-04
4.512e-04
4.514e-04
1.442e-04
9.331e-05
4.880e-05
5.146e-05
4.485e-05
5.262e-05
5.186e-05
3.946e-05
4.339e-05
3.075e-05
3.017e-05
2.013e-05
1.991e-05
1.831e-05
1.213e-05
7.826e-06
7.113e-06
3.494e-05
4.070e-05
3.942e-05
3.816e-05
6.327e-02
6.327e-02
6.327e-02
6.327e-02
6.327e-02
6.325e-02
6.328e-02
6.327e-02
2.192e-01
1.614e-01
1.561e-01
1.560e-01
1.560e-01
1.560e-01
1.560e-01
1.560e-01
1.795e-01
3.164e-02
2.404e-02
2.359e-02
2.359e-02
2.359e-02
2.359e-02
2.357e-02
2.357e-02
3.762e-03
6.976e-04
2.290e-06
2.619e-05
2.619e-05
2.619e-05
8.887e-02
8.887e-02
8.887e-02
8.887e-02
8.887e-02
8.887e-02
8.906e-02
8.904e-02
8.904e-02
7.581e-04
3.764e-04
2.146e-04
2.146e-04
3.222e-03
3.222e-03
3.067e-03
3.070e-03
3.069e-03
3.100e-03
3.100e-03
3.095e-03
3.079e-03
2.947e-03
9.099e-05
8.090e-05
5.333e-05
1.043e-04
8.507e-05
7.764e-05
1.231e-04
1.230e-04
1.288e-04
1.285e-04
1.290e-04
1.162e-04
1.761e-04
1.200e-04
1.007e-03
9.567e-04
9.551e-04
9.499e-04
9.557e-04
9.804e-04
9.807e-04
9.240e-04
9.507e-04
6.455e-04
1.588e-01
1.588e-01
1.588e-01
1.588e-01
1.588e-01
1.588e-01
1.588e-01
1.588e-01
1.588e-01
1.090e-02
3.285e-03
2.287e-05
2.273e-05
2.138e-05
2.103e-05
2.025e-06
7.722e-06
7.461e-06
7.438e-06
6.141e-06
6.100e-06
6.901e-06
6.933e-06
1.021e-05
1.039e-05
8.442e-06
5.781e-06
4.902e-06
5.099e-06
5.101e-06
5.452e-04
5.963e-04
5.963e-04
5.940e-04
6.459e-04
6.458e-04
7.178e-04
7.178e-04
7.180e-04
3.182e-04
3.169e-04
9.404e-03
9.406e-03
9.355e-03
4.219e-02
4.217e-02
4.279e-02
4.278e-02
4.279e-02
4.278e-02
4.274e-02
2.553e-01
2.552e-01
2.395e-01
2.226e-01
2.224e-01
2.218e-01
2.219e-01
2.219e-01
2.219e-01
1.861e-02
6.964e-03
8.669e-05
1.055e-04
8.842e-05
9.692e-05
5.374e-05
5.061e-05
3.264e-05
3.188e-05
3.078e-05
3.081e-05
1.203e-05
1.116e-05
1.154e-06
1.058e-06
2.509e-05
2.510e-05
8.301e-05
8.422e-05
8.423e-05
1.008e-04
1.422e-04
2.384e-04
8.809e-04
8.822e-04
1.064e-03
1.027e-03
1.012e-03
1.001e-03
9.996e-04
9.600e-04
9.370e-04
3.921e-04
3.761e-04
2.162e-04
2.059e-04
5.772e-04
5.772e-04
1.155e-03
1.154e-03
1.692e-03
1.630e-03
1.747e-03
1.676e-03
1.667e-03
1.455e-03
1.462e-03
7.003e-04
6.999e-04
1.777e-04
1.600e-04
1.276e-04
7.378e-05
2.789e-05
2.432e-05
1.867e-05
4.459e-05
3.263e-05
1.092e-04
1.082e-04
1.343e-04
1.329e-04
1.328e-04
1.317e-04
1.317e-04
1.140e-04
1.105e-04
5.203e-05
2.768e-05
3.125e-05
1.214e-05
7.295e-05
7.338e-05
2.206e-04
3.207e-04
6.854e-04
6.877e-04
7.348e-04
7.301e-04
7.279e-04
6.905e-04
6.902e-04
5.672e-04
2.945e-03
2.935e-03
2.651e-03
2.615e-03
2.610e-03
2.603e-03
2.594e-03
2.594e-03
2.586e-03
2.533e-03
1.886e-04
1.428e-04
1.416e-04
2.266e-02
2.267e-02
2.269e-02
2.279e-02
2.280e-02
3.525e-02
3.525e-02
3.525e-02
3.523e-02
3.510e-02
1.264e-02
1.259e-02
1.255e-02
1.247e-02
1.243e-02
1.535e-05
1.415e-03
1.405e-03
1.405e-03
1.421e-03
1.421e-03
1.421e-03
1.420e-03
1.012e-01
1.012e-01
9.998e-02
9.981e-02
9.980e-02
9.979e-02
9.980e-02
9.980e-02
9.983e-02
2.371e-03
2.138e-03
4.979e-05
4.940e-05
4.837e-05
1.193e-04
1.059e-04
1.031e-04
8.163e-05
8.198e-05
8.120e-05
8.139e-05
8.140e-05
8.994e-05
8.279e-05
1.062e-04
5.263e-05
4.605e-05
4.384e-05
4.385e-05
4.371e-05
4.380e-05
3.569e-05
9.541e-05
9.359e-05
6.895e-05
6.266e-05
6.246e-05
6.245e-05
6.271e-05
1.004e-04
1.003e-04
4.434e-05
4.105e-05
4.002e-05
3.995e-05
3.986e-05
4.050e-05
4.031e-05
2.904e-05
2.816e-05
2.625e-05
2.626e-05
2.652e-05
2.923e-02
2.923e-02
3.345e-02
3.345e-02
3.345e-02
3.344e-02
3.344e-02
3.345e-02
3.345e-02
4.560e-03
4.343e-03
4.000e-03
5.453e-05
5.355e-05
5.680e-05
5.648e-05
5.276e-05
5.256e-05
4.653e-05
9.508e-05
9.508e-05
9.300e-05
9.424e-05
9.054e-05
5.310e-04
5.311e-04
5.259e-04
5.275e-04
4.762e-04
4.955e-04
4.713e-04
4.776e-04
4.762e-04
4.932e-04
7.716e-05
6.578e-05
6.364e-05
6.384e-05
6.073e-05
5.457e-05
3.780e-05
3.775e-05
2.610e-05
2.093e-05
2.025e-05
4.708e-06
5.174e-06
4.926e-06
4.930e-06
4.891e-06
5.249e-06
2.840e-06
4.383e-05
4.270e-05
4.271e-05
4.912e-05
6.202e-05
9.746e-05
1.127e-04
1.157e-04
1.165e-04
8.959e-05
7.740e-05
1.318e-04
1.306e-04
1.310e-04
6.179e-04
6.193e-04
6.137e-04
6.060e-04
6.059e-04
6.046e-04
5.715e-04
1.199e-03
1.177e-03
1.114e-03
6.417e-04
6.400e-04
3.107e-03
3.106e-03
3.131e-03
3.131e-03
3.046e-03
2.554e-03
2.504e-03
2.513e-03
2.520e-03
1.876e-03
4.498e-04
5.755e-05
5.054e-05
7.439e-05
7.460e-05
3.878e-02
3.877e-02
3.876e-02
3.876e-02
3.876e-02
3.874e-02
3.874e-02
3.872e-02
3.872e-02
3.533e-03
3.565e-04
1.064e-04
1.042e-04
1.047e-04
1.041e-04
2.381e-02
2.381e-02
2.385e-02
2.385e-02
2.389e-02
2.389e-02
2.434e-02
2.434e-02
2.581e-02
8.353e-03
2.615e-03
2.073e-03
2.066e-03
2.062e-03
2.058e-03
1.469e-03
1.468e-03
1.883e-05
2.504e-06
1.441e-06
1.101e-06
1.121e-06
7.911e-07
7.744e-07
7.251e-07
8.220e-06
8.122e-06
8.977e-06
8.963e-06
9.493e-06
9.133e-06
1.898e-05
1.898e-05
1.900e-05
1.651e-05
1.313e-05
1.217e-05
4.617e-05
4.487e-05
5.371e-02
5.370e-02
5.382e-02
5.382e-02
5.403e-02
5.404e-02
5.404e-02
5.401e-02
5.401e-02
5.319e-02
6.538e-04
3.337e-04
3.054e-04
1.175e-04
1.155e-04
1.074e-05
9.601e-06
8.408e-06
8.077e-06
7.441e-06
2.449e-05
2.354e-05
4.176e-03
4.173e-03
4.172e-03
4.172e-03
4.174e-03
4.174e-03
4.219e-03
4.214e-03
4.214e-03
8.420e-05
5.237e-05
5.314e-05
5.308e-05
5.440e-05
5.215e-05
5.208e-05
6.481e-06
2.510e-05
2.502e-05
2.546e-05
2.535e-05
2.197e-05
1.968e-05
1.960e-05
1.971e-05
2.110e-05
1.882e-05
1.587e-01
1.587e-01
1.588e-01
1.588e-01
1.588e-01
1.588e-01
1.588e-01
1.588e-01
1.588e-01
1.093e-02
3.316e-03
5.384e-05
5.374e-05
5.077e-05
5.078e-05
1.873e-05
1.678e-06
8.234e-07
2.757e-06
2.850e-06
1.986e-04
1.986e-04
1.561e-01
1.561e-01
1.561e-01
1.561e-01
1.561e-01
1.561e-01
1.561e-01
1.560e-01
1.560e-01
8.027e-03
4.103e-04
2.159e-06
2.056e-06
2.005e-06
1.993e-06
1.840e-06
1.491e-06
3.461e-05
3.462e-05
4.121e-05
4.550e-05
4.976e-05
5.001e-05
5.067e-05
5.044e-05
5.078e-05
2.781e-05
2.594e-05
2.166e-05
1.518e-05
1.283e-05
1.111e-05
1.030e-05
9.758e-06
2.003e-02
2.003e-02
2.073e-02
2.073e-02
2.073e-02
2.073e-02
2.073e-02
2.073e-02
2.100e-02
2.082e-02
5.919e-02
3.872e-02
9.725e-02
9.725e-02
1.000e-01
1.000e-01
1.000e-01
9.987e-02
9.987e-02
6.172e-02
6.140e-02
4.548e-02
6.547e-03
2.785e-04
2.005e-04
2.078e-05
6.582e-05
6.452e-05
7.542e-05
1.222e-04
1.409e-04
1.410e-04
1.419e-04
1.421e-04
1.420e-04
9.630e-05
9.371e-05
8.335e-05
4.020e-05
2.765e-05
9.159e-05
8.617e-05
8.624e-05
8.617e-05
1.290e-03
1.290e-03
2.317e-02
2.315e-02
2.315e-02
2.309e-02
2.309e-02
2.309e-02
2.310e-02
2.287e-02
2.280e-02
3.511e-04
3.320e-04
6.399e-04
6.496e-04
6.449e-04
6.442e-04
6.423e-04
6.379e-04
6.369e-04
6.303e-04
6.258e-04
1.636e-04
3.775e-05
7.183e-07
1.632e-05
1.632e-05
1.618e-05
6.314e-02
6.314e-02
2.621e-01
2.621e-01
2.624e-01
2.624e-01
2.630e-01
2.630e-01
2.630e-01
2.010e-01
2.010e-01
5.328e-03
1.246e-03
6.284e-04
6.227e-04
9.335e-05
6.320e-05
1.413e-03
1.414e-03
1.414e-03
1.412e-03
1.412e-03
1.428e-03
1.425e-03
1.446e-03
1.397e-03
1.379e-03
5.001e-05
4.330e-05
4.298e-05
4.288e-05
3.343e-05
3.260e-05
4.907e-05
4.891e-05
4.847e-05
1.275e-04
1.277e-04
2.016e-02
2.016e-02
2.018e-02
2.018e-02
2.018e-02
2.015e-02
2.015e-02
2.046e-02
2.045e-02
2.999e-03
5.501e-04
4.561e-04
4.373e-04
4.610e-04
4.590e-04
4.596e-04
2.817e-04
2.271e-04
2.064e-04
2.762e-04
2.757e-04
3.219e-04
5.430e-04
5.432e-04
5.636e-02
5.636e-02
5.940e-02
5.939e-02
5.953e-02
5.943e-02
5.943e-02
5.914e-02
5.914e-02
8.372e-03
7.170e-03
8.505e-04
8.149e-04
9.742e-05
6.245e-04
6.194e-04
6.196e-04
6.209e-04
6.206e-04
5.583e-04
5.534e-04
5.403e-04
5.399e-04
4.862e-05
1.275e-05
5.324e-06
2.774e-05
2.414e-05
1.274e-02
1.274e-02
1.274e-02
1.274e-02
1.274e-02
1.274e-02
1.274e-02
1.276e-02
1.276e-02
3.401e-04
1.958e-03
1.956e-03
1.956e-03
1.956e-03
1.955e-03
1.956e-03
1.933e-03
1.927e-03
1.926e-03
9.074e-04
1.514e-05
8.748e-06
1.378e-03
1.378e-03
1.378e-03
1.377e-03
1.374e-03
1.373e-03
1.396e-03
1.395e-03
1.395e-03
7.986e-05
3.693e-05
3.511e-05
3.838e-05
3.836e-05
2.749e-04
2.630e-04
2.543e-04
2.514e-04
2.489e-04
2.467e-04
2.457e-04
2.053e-03
2.050e-03
1.937e-03
1.842e-03
1.855e-03
1.855e-03
1.929e-03
1.928e-03
1.928e-03
1.845e-04
1.235e-04
1.195e-04
1.196e-04
1.148e-04
7.815e-05
9.221e-05
1.941e-05
5.246e-05
6.083e-05
1.334e-04
1.830e-04
2.998e-04
3.000e-04
3.020e-04
2.929e-04
2.885e-04
2.617e-04
2.614e-04
2.279e-04
1.444e-04
1.412e-04
1.210e-05
2.682e-05
2.382e-05
1.155e-04
1.071e-04
1.069e-04
1.088e-04
1.088e-04
1.088e-04
1.090e-04
9.555e-05
9.419e-05
6.082e-05
4.273e-06
3.849e-06
1.896e-06
1.835e-06
1.763e-06
1.719e-06
5.245e-06
5.216e-06
5.229e-06
8.168e-06
7.482e-06
4.651e-05
4.647e-05
6.484e-05
6.485e-05
6.173e-05
6.174e-05
6.151e-05
6.185e-05
6.178e-05
7.237e-05
6.695e-05
2.351e-04
2.238e-04
2.238e-04
2.247e-04
2.247e-04
2.728e-04
2.727e-04
2.643e-04
2.307e-04
1.912e-04
5.823e-05
7.689e-05
7.510e-05
8.117e-05
6.379e-05
5.967e-05
3.070e-04
3.065e-04
3.060e-04
3.056e-04
3.047e-04
2.840e-04
2.820e-04
2.801e-04
2.601e-04
2.358e-04
4.765e-06
7.218e-02
7.218e-02
7.220e-02
7.221e-02
7.222e-02
7.222e-02
7.225e-02
7.225e-02
7.225e-02
1.433e-03
1.369e-03
7.204e-04
7.136e-04
7.130e-04
7.030e-04
6.927e-04
6.770e-04
1.254e-03
1.201e-03
1.183e-03
6.642e-04
6.495e-04
5.902e-04
5.922e-04
5.890e-04
5.888e-04
6.903e-05
7.643e-05
7.522e-05
8.525e-05
8.508e-05
9.013e-05
9.002e-05
9.002e-05
8.697e-05
8.512e-05
1.836e-05
1.694e-05
2.379e-05
1.984e-05
1.524e-05
1.454e-05
1.462e-05
1.441e-05
1.575e-05
1.523e-05
1.522e-05
1.805e-06
1.907e-06
9.457e-06
9.416e-06
1.657e-05
1.648e-05
1.771e-05
1.669e-05
1.670e-05
3.046e-05
7.076e-05
7.045e-05
7.019e-05
6.500e-05
6.355e-05
6.192e-05
1.999e-04
1.998e-04
2.004e-04
1.501e-04
1.495e-04
1.477e-04
1.466e-04
1.044e-03
1.044e-03
9.751e-04
1.023e-03
1.017e-03
1.058e-03
1.058e-03
1.054e-03
1.095e-03
7.156e-04
4.196e-04
3.256e-04
3.239e-04
2.191e-04
2.053e-04
1.889e-04
1.767e-04
1.772e-04
1.419e-04
1.424e-04
4.997e-05
2.099e-05
1.799e-05
1.791e-05
1.752e-05
1.569e-05
1.298e-05
1.125e-05
4.962e-06
1.963e-06
7.887e-07
7.451e-07
6.018e-07
6.092e-07
4.064e-07
4.203e-07
1.146e-05
1.544e-05
1.517e-05
9.967e-05
9.976e-05
1.008e-04
1.008e-04
1.008e-04
1.009e-04
9.454e-05
9.770e-05
9.425e-05
9.509e-05
9.368e-05
1.389e-05
1.371e-05
1.781e-05
1.779e-05
1.755e-05
1.035e-05
1.011e-05
8.432e-06
7.823e-06
4.584e-06
4.578e-06
7.417e-07
2.193e-04
2.188e-04
2.188e-04
2.188e-04
2.188e-04
2.187e-04
2.263e-04
2.263e-04
2.263e-04
1.773e-04
1.368e-04
8.844e-06
1.746e-05
7.863e-05
7.881e-05
7.259e-05
7.225e-05
7.209e-05
7.348e-05
7.643e-05
7.643e-05
6.669e-05
6.652e-05
5.861e-06
5.290e-06
5.492e-06
5.476e-06
1.719e-05
1.616e-05
1.907e-05
1.862e-05
1.928e-05
1.956e-05
1.956e-05
1.968e-05
1.958e-05
1.960e-05
6.521e-06
4.380e-06
4.192e-06
4.472e-04
4.471e-04
4.471e-04
4.464e-04
4.464e-04
4.459e-04
4.477e-04
4.477e-04
4.477e-04
4.358e-04
1.480e-05
2.045e-06
3.403e-05
3.403e-05
3.402e-05
3.273e-05
3.254e-05
3.220e-05
3.221e-05
3.207e-05
3.209e-05
1.948e-05
1.216e-05
1.464e-07
1.408e-07
5.742e-04
5.742e-04
1.781e-03
1.781e-03
1.785e-03
1.785e-03
6.997e-03
6.997e-03
7.012e-03
6.545e-03
6.508e-03
5.499e-03
5.284e-03
5.268e-03
5.284e-03
5.245e-03
2.921e-04
2.002e-04
1.933e-04
1.918e-04
1.910e-04
1.906e-04
1.587e-04
1.550e-04
1.123e-04
7.008e-05
2.439e-05
2.410e-06
1.124e-06
6.078e-07
5.902e-07
5.722e-07
5.724e-07
5.543e-07
5.519e-07
7.053e-08
9.347e-08
6.305e-08
5.638e-08
3.598e-04
3.598e-04
3.698e-04
3.699e-04
3.700e-04
3.700e-04
3.700e-04
3.700e-04
3.775e-04
3.781e-04
7.597e-05
3.213e-05
2.693e-05
2.672e-05
2.667e-05
2.694e-05
2.701e-05
2.564e-05
2.792e-05
2.775e-05
2.591e-05
2.554e-05
2.462e-05
2.371e-05
2.368e-05
2.336e-05
2.337e-05
1.117e-05
6.088e-06
1.115e-06
2.686e-06
2.653e-06
5.121e-05
5.121e-05
5.300e-05
5.300e-05
5.307e-05
5.261e-05
5.262e-05
5.064e-05
5.077e-05
3.840e-06
2.357e-06
8.795e-07
2.967e-05
2.951e-05
4.478e-05
4.477e-05
4.567e-05
4.868e-05
4.869e-05
4.866e-05
4.869e-05
2.766e-05
2.364e-05
2.029e-05
9.527e-06
5.449e-04
5.422e-04
5.431e-04
5.618e-04
5.618e-04
5.624e-04
5.613e-04
5.711e-04
5.702e-04
1.748e-04
1.637e-04
3.530e-05
2.006e-05
2.023e-05
1.584e-05
1.581e-05
1.344e-05
4.488e-06
2.230e-06
6.971e-06
1.136e-05
1.161e-05
1.431e-05
1.456e-05
1.474e-05
1.475e-05
1.590e-05
1.686e-05
1.245e-05
1.208e-05
6.704e-06
5.346e-06
5.215e-06
2.966e-06
3.009e-06
2.927e-06
8.641e-07
8.567e-04
8.566e-04
8.563e-04
8.563e-04
8.563e-04
1.190e-03
1.190e-03
1.190e-03
1.678e-03
1.617e-03
8.857e-04
8.223e-04
8.226e-04
8.225e-04
8.134e-04
5.662e-04
5.682e-04
9.184e-05
8.014e-05
8.003e-05
8.001e-05
8.264e-05
8.266e-05
8.259e-05
9.784e-06
5.310e-06
4.323e-06
3.944e-06
3.897e-06
3.799e-06
5.110e-04
5.108e-04
5.320e-04
5.321e-04
5.564e-04
5.568e-04
1.408e-01
1.408e-01
1.408e-01
1.405e-01
1.405e-01
1.403e-01
1.403e-01
1.403e-01
1.404e-01
7.346e-03
4.148e-04
1.391e-04
1.396e-04
1.395e-04
1.369e-04
1.196e-04
1.191e-04
8.501e-05
7.593e-05
7.671e-06
7.683e-06
6.848e-06
7.009e-06
7.235e-06
7.174e-06
7.553e-06
7.146e-06
7.033e-06
2.410e-06
1.613e-06
1.397e-06
1.397e-06
8.554e-07
4.573e-06
4.304e-06
3.931e-06
3.792e-06
3.789e-06
4.095e-06
4.092e-06
2.727e-04
2.727e-04
2.703e-04
2.980e-04
3.054e-04
3.054e-04
3.055e-04
3.052e-04
3.052e-04
2.591e-04
2.603e-04
3.985e-05
4.011e-05
4.436e-06
4.186e-06
1.321e-05
1.321e-05
1.410e-05
1.385e-05
3.424e-05
3.127e-05
6.139e-04
6.136e-04
6.136e-04
6.056e-04
6.055e-04
6.255e-04
7.498e-04
7.460e-04
7.457e-04
4.395e-04
3.178e-04
1.749e-04
1.749e-04
1.747e-04
1.731e-04
2.124e-04
1.691e-04
1.585e-04
1.374e-04
1.368e-04
2.324e-04
2.323e-04
2.508e-04
2.562e-04
2.420e-04
1.320e-04
1.320e-04
1.355e-04
1.355e-04
6.431e-05
6.299e-05
5.928e-05
4.440e-05
4.438e-05
3.831e-05
3.277e-05
3.352e-05
1.482e-04
1.484e-04
1.330e-04
1.328e-04
1.270e-04
1.269e-04
1.257e-04
1.257e-04
1.273e-04
1.188e-04
2.227e-05
4.158e-06
3.967e-06
3.368e-06
3.363e-06
5.950e-06
5.900e-06
4.241e-06
3.684e-06
3.574e-06
3.577e-06
4.167e-06
4.174e-06
4.189e-06
1.104e-05
1.095e-05
1.268e-05
1.288e-05
1.288e-05
3.160e-05
3.570e-05
3.549e-05
4.607e-05
4.444e-05
4.435e-05
3.421e-05
3.471e-05
3.450e-05
2.718e-05
1.589e-05
1.536e-05
1.766e-06
1.663e-06
1.656e-06
2.460e-06
2.389e-06
4.492e-04
4.480e-04
4.479e-04
4.479e-04
4.479e-04
4.477e-04
4.497e-04
4.493e-04
4.665e-04
4.546e-04
3.350e-05
4.055e-05
4.056e-05
4.056e-05
4.057e-05
3.924e-05
3.920e-05
2.323e-05
2.141e-05
2.092e-05
2.753e-06
5.019e-07
1.907e-06
2.026e-06
2.679e-06
5.818e-06
5.821e-06
5.874e-06
5.891e-06
1.034e-05
1.033e-05
1.005e-05
9.531e-06
9.236e-06
5.639e-06
5.684e-06
5.606e-06
5.584e-06
1.696e-06
1.215e-06
7.210e-07
7.564e-07
3.679e-07
1.593e-05
1.587e-05
1.584e-05
3.340e-04
3.340e-04
3.443e-04
3.443e-04
3.446e-04
3.446e-04
3.439e-04
3.292e-04
3.563e-04
1.228e-04
4.099e-05
3.304e-05
3.007e-05
2.787e-05
9.957e-04
9.957e-04
9.963e-04
9.787e-04
9.774e-04
9.734e-04
3.278e-02
3.278e-02
3.286e-02
3.233e-02
3.229e-02
3.190e-02
3.190e-02
3.190e-02
3.198e-02
1.026e-02
9.155e-03
9.349e-04
9.279e-04
9.263e-04
9.260e-04
9.260e-04
9.401e-04
9.399e-04
7.360e-05
5.574e-05
5.445e-05
5.407e-05
5.406e-05
5.404e-05
5.438e-05
5.413e-05
4.040e-05
2.576e-05
5.025e-06
2.379e-06
1.428e-05
1.428e-05
1.415e-05
1.355e-05
1.354e-05
1.298e-05
1.293e-05
1.229e-05
1.228e-05
8.309e-07
1.688e-06
1.677e-06
1.476e-05
2.517e-05
9.558e-05
9.572e-05
9.780e-05
9.778e-05
9.789e-05
9.740e-05
1.191e-04
1.302e-04
1.272e-04
7.498e-05
1.322e-04
1.254e-04
1.239e-04
1.239e-04
1.254e-04
1.062e-04
9.032e-05
9.495e-05
9.175e-05
2.024e-05
2.230e-05
2.208e-05
5.548e-04
5.544e-04
5.544e-04
5.522e-04
5.505e-04
5.550e-04
5.542e-04
5.540e-04
6.513e-04
5.453e-04
4.014e-04
3.948e-04
3.948e-04
3.948e-04
3.898e-04
3.892e-04
4.369e-04
3.646e-04
1.953e-03
1.786e-03
1.780e-03
1.779e-03
1.781e-03
1.781e-03
1.781e-03
1.749e-03
1.739e-03
4.730e-05
4.651e-06
3.797e-05
4.297e-05
4.820e-05
4.524e-05
5.342e-05
5.336e-05
5.802e-05
5.805e-05
7.866e-05
7.767e-05
7.536e-05
3.502e-05
3.491e-05
2.781e-05
2.637e-05
2.437e-05
2.171e-05
4.452e-05
4.105e-05
2.920e-05
2.923e-05
2.951e-05
2.952e-05
2.952e-05
2.955e-05
3.138e-05
1.057e-05
7.271e-06
6.167e-06
5.275e-06
4.657e-06
5.378e-06
5.514e-06
5.624e-06
3.994e-06
4.046e-06
4.150e-05
4.148e-05
4.201e-05
4.200e-05
4.165e-05
4.429e-05
4.431e-05
4.405e-05
5.002e-05
3.014e-05
1.409e-05
1.130e-05
3.326e-04
3.326e-04
3.354e-04
3.346e-04
3.347e-04
3.298e-04
3.300e-04
5.080e-04
5.501e-04
4.463e-04
2.993e-04
2.348e-04
2.334e-04
2.345e-04
2.345e-04
2.348e-04
5.424e-05
5.409e-05
7.919e-06
7.056e-06
4.438e-04
4.437e-04
4.420e-04
4.420e-04
4.444e-04
4.441e-04
4.724e-04
4.733e-04
4.733e-04
6.856e-05
5.285e-05
3.222e-05
3.641e-05
3.433e-05
4.705e-05
4.472e-05
8.302e-04
8.249e-04
8.521e-04
8.521e-04
8.523e-04
8.498e-04
8.498e-04
8.363e-04
8.352e-04
5.288e-04
4.377e-05
1.640e-05
1.670e-05
1.614e-05
1.607e-05
2.113e-05
2.117e-05
2.119e-05
3.494e-05
3.494e-05
3.135e-05
2.470e-04
7.607e-04
7.607e-04
7.655e-04
7.652e-04
7.691e-04
7.577e-04
3.634e-03
3.634e-03
4.053e-03
3.317e-03
3.317e-03
3.306e-03
3.306e-03
3.306e-03
3.303e-03
3.258e-03
7.498e-03
7.335e-03
7.217e-03
7.073e-03
7.072e-03
7.071e-03
7.069e-03
7.070e-03
7.070e-03
2.463e-03
1.601e-04
1.387e-06
1.408e-06
7.418e-05
7.478e-05
4.635e-04
4.645e-04
2.474e-01
2.474e-01
2.486e-01
2.486e-01
2.489e-01
2.489e-01
2.489e-01
2.501e-01
2.501e-01
1.534e-01
1.011e-01
1.128e-01
1.117e-01
1.117e-01
1.114e-01
1.114e-01
1.097e-01
1.097e-01
2.830e-02
2.514e-02
2.995e-03
4.589e-05
4.331e-05
3.458e-05
3.438e-05
8.432e-04
8.425e-04
8.359e-04
8.148e-04
8.143e-04
8.143e-04
8.143e-04
4.209e-03
4.207e-03
4.432e-02
4.385e-02
4.421e-02
4.421e-02
4.423e-02
4.423e-02
4.423e-02
4.397e-02
4.385e-02
1.099e-03
5.052e-04
2.475e-04
1.065e-02
1.065e-02
1.351e-02
1.351e-02
1.400e-02
1.400e-02
1.400e-02
1.400e-02
1.400e-02
1.141e-02
4.443e-03
3.330e-03
5.025e-04
4.019e-04
2.073e-05
1.521e-05
1.051e-05
9.618e-06
8.072e-06
8.035e-06
8.041e-06
1.631e-03
1.631e-03
2.407e-03
2.402e-03
2.407e-03
2.419e-03
2.437e-03
2.436e-03
2.465e-03
1.384e-03
1.952e-03
1.252e-03
1.192e-03
1.157e-03
1.212e-03
1.183e-03
1.186e-03
1.163e-03
1.163e-03
1.083e-04
1.035e-04
7.193e-05
6.456e-05
5.869e-05
3.663e-06
3.194e-06
5.902e-07
8.960e-06
8.743e-06
8.685e-06
8.523e-06
8.509e-06
8.498e-06
8.498e-06
8.419e-06
8.418e-06
1.190e-06
